86.31576
197.2684
296.4937
301.7399
159.8682
304.6962
286.951
448.6813
429.259
129.8967
118.564
442.1446
331.4121
933.4843
466.1399
178.4524
158.6971
72.68767
391.7702
342.9427
99.31568
256.8376
382.0303
342.2852
619.349
248.7684
292.5729
268.7767
486.8818
333.1872
106.1219
293.9291
162.6304
325.9707
240.3482
172.5142
431.3744
433.4005
351.392
467.9325
135.8757
168.7484
358.1454
30.94243
296.9313
70.51015
149.4386
322.6995
113.3435
367.0982
78.71742
313.7519
195.0936
285.7847
186.6744
311.0589
386.4293
588.2481
449.3663
187.5651
584.9067
521.6402
283.1884
364.3507
228.1616
300.9694
225.8052
70.30145
309.0562
423.0564
210.3377
125.0785
581.314
203.5478
109.6629
370.5243
268.0616
115.9093
112.749
271.4684
406.3861
349.8335
273.9897
644.6022
113.2119
411.4723
416.3096
41.36656
204.6204
66.49765
420.2537
234.0296
16.80795
476.6994
295.0786
338.0703
249.8787
303.5489
165.1055
396.8347
610.9398
260.5242
258.2813
453.5176
277.6982
742.4127
222.5614
138.3871
155.6384
570.8542
272.3935
169.0131
131.95
236.6617
352.393
211.1367
180.9086
81.12992
163.0537
91.90916
248.4474
299.884
340.211
66.38054
515.6339
218.9645
343.9652
761.3403
424.2531
425.4542
257.0381
439.5005
266.9075
488.0222
312.2434
418.0987
531.7865
226.1146
305.768
189.959
27.03639
167.7199
678.5503
348.0723
329.8038
28.03145
194.495
598.5303
102.1288
375.011
313.7074
545.723
779.1876
295.1792
136.2627
197.1324
168.9701
184.4109
327.6456
291.7068
171.411
568.6246
250.4233
62.31322
314.6585
254.1618
495.3748
370.3424
206.42
144.9296
278.5759
94.88998
479.1877
326.4707
509.167
626.8274
215.1229
213.1455
306.7986
257.4268
255.96
272.8474
181.7922
109.0431
293.2664
251.2708
195.0322
133.4352
119.8459
508.3157
335.412
238.2865
277.8154
226.1497
372.1487
162.5577
177.2275
128.3897
27.88897
532.1632
791.2425
695.2374
407.7864
141.4632
230.4275
625.1515
357.2298
621.3129
386.1548
289.2229
453.013
140.7312
79.90007
94.35475
242.194
70.24263
281.624
540.0494
94.50507
70.18617
498.1305
116.0102
77.19566
566.6654
620.9684
237.5838
278.7322
171.7462
502.1977
107.0619
292.8625
483.7619
594.8388
391.4006
134.8086
57.06975
753.9791
111.6346
202.4606
368.6928
145.0197
388.6981
433.0949
107.2835
221.558
435.3781
311.0298
510.2482
390.043
500.0644
168.306
762.9496
106.3983
230.3584
200.1256
310.4793
363.9222
232.1324
378.5565
131.647
41.51704
462.8781
590.2716
424.2744
480.0245
311.8643
346.5999
469.1819
420.9234
353.1591
312.778
176.6903
78.696
218.8895
398.6467
401.3024
313.3608
92.58766
95.34184
184.0495
221.2433
77.44109
303.6246
157.1437
448.3613
145.1973
380.7725
261.8533
199.2156
461.823
38.58283
303.607
604.4425
217.2552
274.408
70.16449
409.747
172.8041
529.9219
361.3271
261.7002
563.7254
198.7248
188.7433
361.5725
81.23923
347.2385
305.4931
326.565
744.4336
340.2623
410.4912
64.3742
561.2079
784.1585
299.2669
200.8646
231.1901
93.21497
509.9604
312.7775
381.7747
335.237
275.3447
323.4379
239.8615
182.4138
446.5492
72.28365
237.4524
423.016
141.731
363.092
195.5074
556.1387
520.0428
255.8995
519.5873
649.56
839.6532
34.09702
383.191
260.4243
200.7588
195.1608
129.6493
170.481
139.1906
225.6095
350.4087
123.3568
94.7402
83.11192
315.7366
173.0288
228.5427
400.1458
293.7831
289.6611
222.6114
467.5987
521.1172
459.5554
65.23903
385.1509
341.2786
142.7507
205.7434
292.3241
439.5314
343.9951
71.12204
118.5943
276.0281
271.0125
417.0293
324.8375
344.5467
327.5401
106.9879
317.9511
194.6631
100.6312
70.82607
265.2942
220.7127
644.4472
186.4339
51.98919
479.4622
361.3032
161.1514
68.26618
594.2722
103.0659
343.9434
263.8821
803.372
306.8146
213.6538
113.3333
316.6503
248.3361
335.2179
222.854
1151.641
424.5003
272.7287
264.2122
102.1608
168.328
288.2706
248.0256
271.0233
364.0285
472.1713
367.5679
242.7935
262.8586
263.5443
374.8318
302.2163
201.1696
89.19155
261.7941
239.6706
333.9043
65.16182
581.9034
144.9516
276.5813
360.4296
275.4864
542.1564
187.021
204.6065
542.1671
318.2393
92.57394
29.47655
259.483
249.6009
428.0441
25.75277
162.4653
50.56745
105.0027
456.634
262.9965
787.4228
693.5033
254.0177
252.3098
380.0961
327.7316
239.7613
256.2724
302.7097
444.947
372.9931
148.6814
265.4791
424.255
109.6711
370.2333
308.3004
92.90413
208.5267
604.3553
213.9782
252.5388
253.4137
296.0469
78.98471
289.0269
646.1829
524.8053
294.586
170.4811
101.0391
488.36
334.5375
155.004
816.1346
302.4008
236.1678
372.357
498.7404
288.9864
676.5294
215.9004
391.465
367.9806
247.0851
147.2838
188.1041
608.912
182.6609
423.3302
744.9454
421.1436
199.9971
317.1906
145.1413
288.732
668.315
426.5521
392.2542
52.18442
381.4498
114.942
394.2427
113.2161
438.2407
50.75855
169.352
335.7907
215.6411
628.3008
515.0626
881.9631
208.1608
311.6165
501.453
523.8296
403.1567
488.6371
602.8828
37.77987
469.4563
368.9918
498.6609
867.2545
559.3814
345.7767
954.7374
653.284
207.9665
82.31722
272.823
295.0558
158.5668
710.1725
173.0922
602.3417
348.4738
171.7828
68.12174
612.0074
765.1552
429.7257
61.22071
55.25338
173.44
372.4195
204.3232
46.9971
268.6507
760.4087
249.1284
765.2704
263.911
341.8948
129.5989
137.9386
561.6825
197.7109
221.8467
130.3001
145.7372
345.6262
248.7652
329.8535
293.8603
591.6919
291.629
525.7688
142.1817
174.6179
233.2325
48.06398
352.5783
657.6188
754.6648
589.3035
492.9197
780.3733
235.7833
905.4175
483.8093
347.0426
410.2184
1337.522
38.24345
210.5952
263.4869
329.6004
290.8719
100.5776
120.8321
396.2251
54.66257
177.3245
739.2958
284.9325
188.3136
77.70839
408.0331
368.11
518.4993
73.87924
857.6227
153.5832
393.1597
186.042
419.6882
53.3107
182.603
385.1096
440.1998
100.5031
529.0496
124.2778
383.6704
164.7748
113.9766
69.12059
364.585
621.1517
140.8246
62.93244
84.26358
77.02892
785.4072
160.7629
136.1722
292.2575
268.87
248.5778
279.2605
297.0571
146.3544
62.19695
120.4935
145.0658
322.9065
104.8455
140.3132
121.3463
437.3181
421.663
68.06039
243.7895
392.1423
429.2571
425.8685
698.5669
342.8096
242.6031
256.1201
359.8332
189.8893
246.2924
209.1438
493.0455
391.4443
339.8196
425.1217
598.0804
188.369
107.6552
542.0112
215.0281
480.1253
402.8571
127.1094
535.7728
360.1115
368.9589
170.8928
357.1883
732.0183
163.5561
471.1308
313.4578
156.9403
413.1423
135.577
205.0429
195.9292
68.48175
428.9121
379.0902
282.7467
333.6589
172.8874
282.1211
82.79256
178.8219
237.3366
543.6011
131.9171
203.5846
194.3433
622.9647
226.384
940.9861
310.3918
215.5705
431.995
212.0057
369.5137
517.21
544.6662
170.7586
110.5187
330.0474
714.2315
156.7058
44.68963
258.9235
154.4063
103.4015
126.4849
658.0141
183.529
256.4579
300.579
138.3969
116.3338
750.9747
674.3854
120.7337
333.6016
566.4299
291.5489
248.9183
367.9048
446.3525
74.64476
274.8703
71.96052
213.942
406.5675
472.2997
453.6922
145.7381
310.2238
228.7901
72.56229
410.7713
185.5538
631.2257
587.1209
611.553
124.8012
339.0412
147.7038
737.6304
409.3891
318.0503
123.4117
559.5575
204.264
247.7286
306.4982
328.5044
600.6831
214.9672
190.4715
310.6288
294.9937
182.6125
102.1147
327.0927
434.2474
471.1008
123.5657
186.2794
187.2392
106.7733
194.9099
343.6766
510.9027
398.2304
329.7791
438.0857
214.5672
649.6304
118.9419
580.2567
341.2202
338.6994
184.5932
532.7983
443.5641
182.9914
255.1673
92.55249
434.2942
1104.153
154.3118
663.9095
601.1014
292.2608
591.1116
220.1111
461.5267
513.5373
234.3057
316.2736
84.35397
192.3481
285.9205
262.0339
209.5714
246.8082
483.2389
260.548
430.4305
396.6427
214.6106
279.5019
145.8636
107.1098
699.3945
244.8689
356.6483
300.2844
292.2785
831.1844
261.2697
394.6933
157.1712
282.829
200.2712
628.7669
526.5274
155.0539
192.9848
198.4384
104.1671
106.8622
363.4545
237.9738
824.3805
71.06032
372.7477
550.9201
229.9743
203.9307
167.3632
224.1978
123.7235
287.5639
225.6798
389.7531
130.7039
314.6903
84.12741
513.6986
108.636
93.30095
260.4692
515.1739
261.5964
178.7747
354.7773
328.1294
231.7999
529.9808
117.5581
182.8324
160.9715
281.5448
524.9448
221.1679
199.4973
72.57808
310.7761
577.4242
329.548
701.968
589.5811
128.4746
435.3791
247.3225
431.0225
89.3282
286.5489
214.9367
190.1692
232.0667
376.3038
273.4791
336.8672
366.5005
391.3422
373.3765
169.4064
111.0289
305.3196
487.7071
114.512
253.7807
118.5104
396.5931
286.082
327.2724
158.5894
109.114
104.786
561.9345
303.4744
128.9452
409.0536
234.015
43.96546
744.3288
1060.651
180.8074
252.6128
414.0658
118.0348
167.7135
131.87
287.2429
405.1907
155.4819
172.5095
782.6157
72.80825
409.4116
256.7067
193.1147
110.6199
363.0259
195.8536
258.2028
161.436
239.5688
300.9214
330.4347
333.6469
167.06
125.2487
504.5552
153.8837
45.68559
65.53823
315.0082
250.581
143.0708
134.6257
528.9105
401.9862
546.4617
1228.602
228.6125
390.1725
289.6644
212.1846
236.2309
373.7723
55.52134
356.0848
787.0524
86.99112
399.7613
593.3503
251.0556
317.4708
520.7435
616.7171
338.4494
141.8328
964.0967
367.6211
397.9127
213.6086
890.6053
88.17656
287.2013
464.8381
359.5969
174.9576
227.2448
185.0893
255.0615
303.7479
347.9139
