428.6198
43.68569
210.3776
249.9586
106.7924
105.9512
516.6071
276.8891
116.0228
96.47057
143.2555
146.4038
133.6683
124.0615
28.73641
38.04187
550.903
72.81275
21.86669
290.1832
343.8047
1306.175
506.241
606.7468
333.8054
47.9692
107.6655
19.00807
122.7849
57.61979
214.0394
217.8473
424.826
171.4438
310.8011
243.5505
23.67642
377.0599
115.4147
369.4341
288.5876
49.26315
420.3032
118.6937
189.8674
301.6541
836.9497
574.0472
260.6815
45.47205
342.4862
362.463
26.57359
1.361148
34.44187
18.94341
162.3745
348.3055
508.9813
290.2285
41.47939
769.6848
44.90152
571.3395
54.59463
268.2182
53.85843
130.8782
225.094
609.601
56.48968
56.19382
20.55723
6.883332
141.8138
127.2222
436.0836
434.5498
49.24939
58.90962
49.81556
88.52229
214.7241
1590.804
9.181678
35.82731
361.918
151.1429
94.64986
16.57507
1432.408
301.8675
180.8317
38.10233
28.02091
318.3824
252.5498
267.0339
402.5017
80.19237
54.66847
79.50905
367.4656
70.31315
105.6206
240.3992
892.706
200.0747
661.1507
261.8722
251.9963
664.0791
461.0147
456.7624
18.27611
73.25098
40.34927
84.83117
358.4224
166.466
68.84314
39.93398
40.30019
379.8062
107.1476
183.9666
94.19482
189.4472
25.92661
255.3725
259.6552
151.6748
242.5144
350.2756
37.90906
131.7835
589.0531
556.1294
117.4795
131.9987
154.5273
256.5484
80.25355
30.24697
33.73706
301.9934
105.5822
37.73054
110.67
381.3362
52.94037
515.413
23.99251
264.4769
90.22098
306.7999
439.8969
567.9918
179.6919
918.055
8.475938
145.1737
225.1368
26.01799
57.96431
56.55811
23.67241
408.5643
49.20783
128.0882
149.8756
558.4376
112.5302
21.90443
397.3803
135.401
83.40845
50.16086
397.3506
120.4055
384.4653
266.0666
440.745
590.2745
311.6664
239.6337
32.05707
518.3246
235.0889
252.6625
162.0819
32.74716
254.3617
123.6956
72.19599
206.7658
39.41633
19.81977
191.1005
290.7379
64.52867
30.50671
238.8382
151.9784
32.10374
208.9297
65.98717
78.88046
34.12703
980.7137
65.41462
159.7521
114.3754
370.2025
1031.995
5.435288
322.2321
528.9644
78.64712
63.71614
254.6356
42.92436
207.3222
109.0186
241.1353
68.48536
10.89713
651.3596
335.4414
224.9745
251.8693
191.438
146.1027
101.2746
113.0312
21.47038
117.0719
261.3003
158.1142
109.19
715.0028
63.54899
92.16913
715.2453
74.71824
234.1562
260.6474
3.574639
59.19101
72.45672
350.1421
314.0604
89.88344
101.2999
316.0059
140.2536
882.2833
162.58
26.77883
10.34983
57.53601
15.41392
124.1958
100.5585
14.12822
83.02132
811.0757
414.7557
126.6552
378.2028
1618.986
67.10048
15.5783
15.58692
394.3537
230.4283
598.8805
673.1171
393.6791
304.3456
522.762
1632.316
1113.374
205.105
440.7231
220.4338
178.5966
0.5811658
40.67906
79.13248
87.23366
107.4174
563.3451
94.01952
308.9854
114.3796
5.445508
35.60345
86.92729
199.7723
590.3657
256.361
0.8433905
66.05141
78.00741
97.06933
44.74842
129.819
30.19322
3.19132
111.52
781.268
136.5987
100.6282
438.4859
12.35349
601.3926
42.70417
1.379439
91.88893
316.4799
369.3843
40.65528
297.6997
37.30909
130.7975
11.14672
40.00632
6.780422
15.94874
56.75424
146.3391
23.95807
492.07
502.5353
16.1888
59.77874
798.3364
24.02134
555.7461
110.2697
288.4226
242.4786
149.5533
109.7408
187.0099
280.0706
834.1403
265.3135
26.62203
26.41769
326.2399
3.141373
24.38644
870.1739
216.9468
788.0912
54.29592
462.4066
6.765394
97.96808
566.1348
398.3371
40.09737
88.94329
548.5277
109.9841
158.3559
245.6683
284.1887
279.2706
581.8378
607.9185
282.0196
58.54144
17.03695
3.084067
291.7318
241.934
815.6164
628.3856
242.7599
318.4148
224.7785
61.46162
71.91401
51.01965
200.376
0.7453268
247.4767
636.4563
31.95527
138.3996
0.5941651
188.3947
343.3019
573.84
21.54987
315.4874
193.2605
613.7534
42.53946
104.1883
128.8618
30.34697
281.6628
818.962
309.9371
253.0041
119.8249
15.05347
51.9201
841.5937
10.12926
12.2906
99.20868
713.6441
135.5328
531.9558
113.6132
226.2263
256.2606
409.225
42.46276
45.06686
129.6376
262.1523
436.5612
54.57205
123.1784
301.4277
652.9024
95.25884
137.1345
7.12327
215.6636
15.29345
60.3622
86.65789
42.9532
115.0891
139.3862
9.474945
74.48182
429.856
109.3976
60.33908
64.98814
280.9029
370.7856
1.458073
148.6066
213.3029
176.639
171.4561
31.69349
37.01262
258.6728
67.10226
21.95741
545.695
110.7405
212.6473
239.9727
88.01367
120.0446
853.8443
191.654
332.6371
35.1267
201.3457
396.7628
445.8284
708.2597
412.7138
102.4097
83.35162
96.44251
218.7482
97.83422
206.0739
44.54033
21.19271
1.115517
100.4983
740.8693
21.61098
250.4895
33.20734
346.7821
60.04556
210.6591
215.4249
163.1551
80.59753
35.0073
78.9534
37.30724
1.124295
64.16735
275.4186
340.8863
18.06733
246.4084
124.4051
114.4565
357.566
373.1864
6.100208
45.33247
70.94625
882.3023
984.0166
118.0794
279.9861
34.96057
153.5268
122.1881
1303.611
134.301
7.843981
62.49155
51.8895
65.47153
260.7065
409.9422
257.3682
186.3377
96.83507
459.6276
433.0667
256.1885
274.2839
38.19785
137.6595
86.62104
130.6386
388.6158
26.13917
33.61324
88.88049
349.4346
174.9095
13.19579
232.2159
1237.324
21.41085
58.40167
327.9299
534.3115
69.78343
12.40853
100.6703
247.2067
113.0791
28.44501
40.11431
131.6447
397.8169
108.0914
149.2294
191.0621
187.9776
31.53901
1393.91
110.8329
78.98516
169.8153
10.80727
173.4173
538.9798
52.13556
9.994121
12.05123
114.7034
222.8275
17.45333
55.16497
386.0262
10.54322
58.20992
3.158922
289.5712
30.0771
322.8981
364.4973
90.83073
50.55247
20.07422
523.4535
99.1776
1.769789
265.771
1855.836
22.4946
23.27214
212.9449
36.50135
47.9066
23.6963
572.6707
84.74621
51.68634
37.8778
365.2201
393.9329
232.0882
426.4298
633.84
111.1666
0.04327421
57.61538
547.8943
53.30091
116.2386
587.4264
132.1648
29.766
394.1937
217.3104
106.5589
266.9237
60.74526
101.0687
51.46004
1355.389
1394.754
367.6204
403.9874
587.9998
181.7254
612.4206
161.0872
120.0694
266.7713
260.9463
74.38082
262.9382
142.265
195.4952
407.1948
239.1933
40.55647
32.12158
221.2112
980.4424
132.0984
463.0452
3.374062
109.8594
115.9016
785.8135
431.0477
308.1012
208.5502
217.9043
120.8375
775.5961
496.8092
32.3924
1061.743
39.79929
256.6632
46.51553
72.88136
6.474367
411.453
60.23565
58.34178
128.3268
13.31468
163.8846
116.1998
383.6159
9.214777
116.8221
104.0847
174.1529
286.2858
39.35772
179.91
55.03866
1.288377
57.96349
31.10459
149.2815
95.45588
280.5885
112.209
89.15886
136.5706
162.3354
100.0647
127.2564
13.6835
9.341951
64.6735
1.926843
132.9283
96.85161
1611.538
2.789512
140.1333
85.96339
96.24851
63.69247
83.98567
92.81215
113.7355
61.85855
129.4387
75.41068
1124.362
1858.674
13.78417
151.0391
93.9132
1101.111
83.98661
675.6063
51.26352
127.1964
86.98911
334.2033
1107.712
4.981799
485.179
620.2618
31.45755
24.83046
3.433993
14.58232
266.8292
37.58333
87.31649
449.2669
4.186857
59.14392
187.7052
405.7933
17.99369
116.675
269.6032
39.05484
334.4574
612.2711
184.0641
249.7153
237.9094
137.8389
46.50495
601.3046
358.6673
458.0156
418.7093
1367.13
86.01094
220.6469
3.628823
167.6139
250.6989
130.471
488.8445
1059.42
273.6107
238.0256
260.778
251.2477
126.6696
179.6328
162.8845
40.01374
226.8826
173.3394
1181.159
804.2922
346.089
202.6248
774.1274
88.24901
209.7174
125.5915
325.4101
533.3165
182.9295
81.12063
194.0809
340.8023
40.2309
309.6076
495.9368
32.54981
314.9719
2562.373
392.3185
19.26758
174.6408
12.02274
100.3256
258.7728
3.075824
70.26893
42.87168
293.845
76.02062
20.41244
129.4722
253.7879
210.4576
95.96693
50.93753
30.56024
3.360748
100.9661
71.4596
130.6744
13.04438
29.48528
9.847104
201.2266
258.8479
355.4002
229.3215
1458.028
269.8399
8.81791
88.54279
160.986
215.8032
31.97779
322.9444
75.40996
10.5911
83.15887
322.8916
237.5008
215.3634
604.6598
308.1174
214.7416
62.82347
16.14709
144.1974
1.591313
111.2843
233.255
199.4411
811.2478
144.3092
431.9587
564.6378
555.9893
544.1335
45.32783
104.7782
44.30207
8.590531
16.47602
474.5532
34.9244
170.7133
219.1322
309.3307
273.9912
38.83217
100.18
5.593486
237.2153
447.8089
254.5737
71.55163
66.02211
142.5937
847.2231
216.038
431.5592
102.6359
215.9235
223.1391
228.1089
128.4805
240.2891
71.98075
171.3913
27.37688
58.26176
586.5626
175.8361
40.19311
207.6935
381.4591
45.68357
666.0451
905.7101
2041.594
482.0497
46.11832
120.2928
1.752472
340.9961
146.1547
164.1749
812.0205
75.62689
77.80075
357.6553
453.6593
126.6023
30.08205
1.525057
510.3095
48.81628
151.6027
111.8858
101.411
352.1197
0.1372026
133.6448
133.0237
71.22034
69.10045
33.79676
73.48486
4.352416
248.5093
75.03693
318.9393
410.9229
3.151131
414.6551
66.81453
102.609
233.3062
124.1445
55.26593
83.4548
8.998317
140.7551
30.89737
35.16352
50.5319
127.5227
139.366
287.5495
483.3424
163.9563
150.3286
156.8744
4.283625
27.67169
497.5148
714.1177
27.65481
934.1408
300.0157
95.56325
1343.93
0.6269453
549.2301
26.87598
157.1892
1125.466
11.36357
83.65988
39.68387
105.1728
46.54946
832.1374
33.71366
129.006
258.3492
53.84778
10.44345
131.5862
305.5263
89.86625
641.7131
94.08099
202.0795
21.38172
9.564704
39.06508
1836.045
178.6688
146.497
277.6059
5.064832
504.8585
233.787
111.5808
40.79611
496.011
684.2254
1447.701
501.5403
371.4118
433.6344
140.5049
161.4166
135.4052
1281.309
449.1873
